0.105884
0.087819
0.086639
0.0784473
0.121822
0.124148
0.147837
0.105807
0.10758
0.0917537
0.0948843
0.0596723
0.030746
0.0633017
0.0825937
0.0782913
0.106558
0.087231
0.103668
0.057815
0.0438779
0.0580396
0.0550639
0.0795087
0.107482
0.151701
0.132536
0.108833
0.0715233
0.111394
0.106834
0.100247
0.085166
0.107319
0.138223
0.118624
0.0720517
0.0484537
0.0926567
0.127812
0.145383
0.0973167
0.0569503
0.073067
0.0916673
0.11889
0.0911923
0.0975753
0.0832497
0.068072
0.0938187
0.136471
0.161477
0.125969
0.105425
0.109879
0.145287
0.110978
0.101944
0.0701693
0.104542
0.104532
0.0897587
0.0544793
0.01705
0.00486843
0.0178118
0.0667611
0.085061
0.106534
0.125954
0.153407
0.15739
0.115572
0.136688
0.178555
0.241043
0.240983
0.228713
0.232663
0.21032
0.163251
0.107485
0.0616703
0.031513
-0.044717
-0.087466
-0.14874
-0.18505
-0.22037
-0.228733
-0.210753
-0.170353
-0.05902
0.0279847
0.164815
0.309458
0.463557
0.653657
0.854283
1.00352
1.14216
0.961297
0.8412
0.530977
0.39081
0.12307
-0.126943
-0.42581
-0.639597
-0.83785
-1.00432
-1.05345
-1.15982
-1.09919
-0.965583
-0.617423
-0.247379
0.097224
0.401637
0.871827
1.20547
1.30816
1.46412
1.42636
1.37849
0.948583
0.816983
0.710173
0.5057
0.104887
-0.208593
-0.441723
-0.565597
-0.68391
-0.69418
-0.70057
-0.603707
-0.4778
-0.32721
-0.162478
-0.00992167
0.146515
0.24256
0.38492
0.477997
0.52364
0.522923
0.455537
0.38757
0.296957
0.224273
0.178745
0.127341
0.071188
0.059707
0.0358767
0.0538363
0.0584907
0.039777
0.0471967
0.078372
0.0857353
0.0766903
0.0585237
0.059801
0.0800477
0.098261
0.118294
0.114817
0.131104
0.113662
0.112977
0.086534
0.0689167
0.0561427
0.0282283
0.0300157
0.073284
0.0673627
0.116431
0.0909877
0.0964027
0.073405
0.0797183
0.078279
0.11093
0.114627
0.139419
0.131862
0.105884
0.130095
0.094443
0.139678
0.101005
0.142877
0.114164
0.135523
0.137953
0.155293
0.13857
0.0761777
0.0277154
0.0609921
0.0846054
0.107278
0.0879547
0.11996
0.121411
0.126831
0.073675
0.0690123
0.038375
0.04838
0.051246
0.0596113
0.0576593
0.0746447
0.109937
0.109464
0.126964
0.123364
0.145223
0.150137
0.138083
0.116836
0.109356
0.129163
0.135537
0.100152
0.0986857
0.110635
0.0922957
0.0881623
0.0837713
0.0989753
0.0961753
